100
100
101.1
103.4
105.7
108.6
110.4
111.1
110.9
112.9
118.5
126.1
136.7
147
161.4
172.1
177.3
188.5
196.6
196.1
197.4
196.2
186.7
174.9
187
189.1
191.1
193.3
199
206.8
215.5
228.9
233.7
235.1
233
229.5
227.3
226.4
221.7
219.1
220.6
229.2
239.4
243.2
245
244.7
243.8
242.2
239.9
240.4
245.6
249.5
254.5
258.9
261.2
260.5
259.6
257.5
256.3
255.8
255.1
252.8
252
253
255.5
260.5
266.4
271.3
275.1
278.1
277.5
282.7
287
292.3
299.9
313
331.6
349.3
371
397.7
422.1
439.2
