100
100
100.174
102.092
106.364
109.242
109.677
109.677
116.216
116.216
121.447
127.463
155.536
175.85
175.85
175.85
175.85
175.85
195.641
196.338
196.513
205.929
201.395
194.42
194.507
199.303
200.697
202.441
204.185
223.191
218.309
223.278
223.278
224.76
227.55
228.945
229.555
211.247
211.421
213.601
214.473
216.303
221.709
221.709
221.709
230.514
230.514
230.514
229.207
239.058
235.397
236.269
236.269
236.966
236.094
238.274
240.715
242.895
246.643
251.177
251.787
252.572
255.798
256.582
257.629
260.593
263.208
263.906
266.521
268.091
270.706
272.363
275.85
280.994
282.65
284.394
292.677
310.724
323.104
336.269
368.003
380.732
